user_id,user_type,display_name,link,reputation
1772165,registered,Timmie,http://stackoverflow.com/users/1772165/timmie,979
1733061,registered,George Thompson,http://stackoverflow.com/users/1733061/george-thompson,677
2428549,registered,natsuki_1996,http://stackoverflow.com/users/2428549/natsuki-1996,2012
245549,registered,Roman,http://stackoverflow.com/users/245549/roman,14334
